version https://git-lfs.github.com/spec/v1
oid sha256:ace5ae4ea8ca7b3b12589ce38fb9fc726d5b9ba27b9ebb9c59297133d6d78895
size 11259117
